Technology
Pixel
Medium
67.0177
26
23
10
30
HDD
1877.6 518.4 1.68933e+25
NFT
1743.2 604.8 1.68933e+25
augmented
1685.6 302.4 1.68933e+25
media
1608.8 864 1.68933e+25
video
1551.2 950.4 1.68933e+25
execute
1493.6 518.4 1.68933e+25
capacitor
1416.8 129.6 1.68933e+25
reality
1359.2 216 1.68933e+25
frame
1301.6 475.2 1.68933e+25
cloud
1224.8 518.4 1.68933e+25
serverless
1167.2 0 1.68933e+25
email
1109.6 129.6 1.68933e+25
AI
1032.8 648 1.68933e+25
headphones
975.2 820.8 1.68933e+25
scanner
917.6 561.6 1.68933e+25
chip
840.8 777.6 1.68933e+25
antenna
783.2 604.8 1.68933e+25
database
725.6 648 1.68933e+25
audio
648.8 172.8 1.68933e+25
debug
591.2 302.4 1.68933e+25
server
533.6 907.2 1.68933e+25
command
456.8 820.8 1.68933e+25
motherboard
399.2 345.6 1.68933e+25
automation
341.6 388.8 1.68933e+25
interface
264.8 302.4 1.68933e+25
resistor
207.2 907.2 1.68933e+25
charger
149.6 950.4 1.68933e+25
stream
72.8 216 1.68933e+25
keyboard
15.2 648 1.68933e+25
signal
-42.4 691.2 1.68933e+25
